but,sta,p2p,ape,hur,pow;
0.000466,0.001175,0.000251,4.094644,0.001464,0.019308;
0.000423,0.001148,0.000244,4.278238,0.001435,0.019416;
0.000428,0.001146,0.000254,4.145020,0.001416,0.019337;
0.000422,0.001163,0.000255,4.155307,0.001430,0.019921;
0.000426,0.001196,0.000272,4.570883,0.001417,0.019208;
0.000423,0.001152,0.000244,4.395805,0.001480,0.019222;
0.000424,0.001184,0.000250,4.433038,0.001419,0.019235;
0.000424,0.001169,0.000251,4.244411,0.001420,0.019274;
0.000423,0.001158,0.000247,3.895369,0.001426,0.019350;
0.000422,0.001180,0.000254,3.766845,0.001480,0.019979;
0.000424,0.001181,0.000255,4.522194,0.001478,0.019962;
0.000424,0.001185,0.000250,4.301346,0.001438,0.019255;
0.000424,0.001165,0.000243,4.462213,0.001420,0.019340;
0.000422,0.001181,0.000255,4.101125,0.001416,0.019226;
0.000422,0.001167,0.000250,4.371306,0.001424,0.019306;
0.000423,0.001176,0.000242,4.663093,0.001478,0.019979;
0.000422,0.001166,0.000247,4.442048,0.001425,0.019196;
0.000423,0.001159,0.000236,4.421868,0.001434,0.019292;
0.000422,0.001158,0.000247,3.972759,0.001421,0.019220;
0.000428,0.001150,0.000245,4.505917,0.001475,0.019301;
0.000424,0.001163,0.000238,4.147219,0.001434,0.019240;
0.000426,0.001151,0.000241,4.067453,0.001416,0.019283;
0.000422,0.001160,0.000256,4.290622,0.001427,0.019210;

Total time: 99.055700s
Feature 0: -0.120867
Feature 1: 37.755878
Feature 2: 648779.812500
Feature 3: 18188.429688
Feature 4: 73.820732
Feature 5: 95.777206
Feature 6: 1.701429
Feature 7: 0.518259
Feature 8: 38.066727
Feature 9: 46.835285
Feature 10: 75.471153
Feature 11: 439.958252
Feature 12: 745.191589
Feature 13: 1345.522949
Output is Correct!
